20
0 1 3 2 5 3 5 4 17 5 10 6 8 7 2 8 9 9 15 10 17 11 19 12 10 13 9 14 13 15 16 16 8 17 5 18 6 19 6
1 0 15 2 7 3 1 4 10 5 10 7 3 8 13 9 10 10 11 11 13 12 6 13 8 14 15 15 14 16 17 17 12 18 9 19 15
2 0 16 1 17 3 8 4 12 5 17 6 9 7 15 8 13 9 10 10 8 11 15 13 18 14 4 15 7 16 6 17 15 18 13 19 8
3 0 13 1 6 2 5 4 6 5 13 6 17 7 12 8 13 9 6 10 15 11 1 13 6 14 11 15 20 17 16 18 7 19 9
4 0 5 1 9 2 2 3 4 5 18 6 20 7 13 8 10 9 14 10 3 11 18 12 1 13 18 14 12 15 16 16 20 18 7 19 10
5 0 3 1 16 2 13 3 16 4 7 6 4 7 10 8 7 9 12 10 16 11 4 12 13 13 13 14 15 15 15 16 13 17 3 18 17 19 10
6 0 14 1 12 2 11 3 3 4 18 5 6 7 15 8 20 9 9 10 8 11 7 12 14 13 10 14 1 15 1 16 2 17 9 18 17 19 1
7 0 17 1 6 2 15 3 4 4 6 5 2 6 7 8 11 9 8 10 5 11 3 12 15 13 15 14 8 15 17 16 13 18 1 19 6
8 0 17 1 9 2 18 3 11 4 8 5 16 6 18 7 8 9 20 10 13 11 6 12 16 13 15 14 3 15 11 16 18 17 3 18 6 19 4
9 0 6 1 7 2 13 3 2 4 2 5 19 6 18 7 3 8 7 11 19 12 15 13 3 14 12 15 18 16 10 17 6 18 18 19 12
10 2 8 3 1 4 9 5 17 6 9 7 9 8 2 9 4 11 18 12 16 14 8 15 1 16 17 17 18 18 7 19 9
11 2 9 3 13 4 10 5 7 6 16 7 18 8 3 9 20 10 2 12 0 13 4 14 10 15 6 16 7 17 18 18 7 19 5
12 2 4 3 17 4 2 5 10 6 12 7 18 8 7 9 4 10 3 11 18 13 19 14 20 15 8 16 1 17 19 18 20 19 3
13 0 11 1 5 2 10 3 11 4 8 5 2 6 9 7 10 8 4 9 4 10 11 12 18 14 10 15 14 16 14 17 19 19 19
14 0 10 1 14 2 17 3 18 4 20 5 18 6 16 7 10 8 8 11 15 12 8 13 3 15 11 16 6 17 19 18 8 19 11
15 0 10 1 19 2 3 3 4 4 18 5 17 6 14 7 7 8 17 9 4 10 12 12 9 13 5 14 9 16 3 17 14 18 14 19 12
16 0 19 1 11 2 16 3 20 4 1 5 3 6 14 7 15 8 18 9 10 10 15 11 10 12 12 13 3 14 4 15 19 17 4 18 7 19 2
17 0 10 1 16 2 6 3 11 4 3 6 18 8 11 10 2 12 1 13 18 14 7 15 12 18 15 19 0
18 0 4 1 12 2 1 3 2 4 3 5 17 6 2 7 12 8 17 9 5 10 5 11 18 12 16 13 3 14 16 15 13 16 4 17 18 19 17
19 0 2 1 9 2 2 3 15 4 1 5 0 6 15 7 2 8 9 9 16 10 6 11 1 12 12 13 9 14 5 15 5 16 15 17 2 18 6
2
1 10
4
0 15 17 19 3 9 7 13
